# run output-space.csv output-time-read.csv output-time-write.csv
0 36.000000 0.001300 0.006200 
1 36.000000 0.001200 0.006000 
2 36.000000 0.001300 0.006100 
3 36.000000 0.001300 0.005800 
4 36.000000 0.001400 0.006100 
5 36.000000 0.001400 0.005800 
6 36.000000 0.001500 0.006000 
7 36.000000 0.001500 0.005700 
8 36.000000 0.001600 0.006000 
9 36.000000 0.001600 0.006000 
10 36.000000 0.001700 0.006200 
11 36.000000 0.001700 0.005700 
12 36.000000 0.001800 0.006000 
13 36.000000 0.001800 0.006200 
14 36.000000 0.001900 0.006100 
15 36.000000 0.001900 0.006100 
16 36.000000 0.002000 0.005900 
17 36.000000 0.002000 0.005900 
18 36.000000 0.002100 0.006000 
19 36.000000 0.002100 0.005900 
20 36.000000 0.002200 0.005800 
21 36.000000 0.002200 0.006000 
22 36.000000 0.002300 0.005800 
23 36.000000 0.002400 0.006100 
24 36.000000 0.002400 0.006000 
25 36.000000 0.002400 0.005900 
26 36.000000 0.002500 0.005700 
27 36.000000 0.002600 0.006100 
28 36.000000 0.002600 0.005600 
29 36.000000 0.002700 0.006000 
30 36.000000 0.002700 0.005800 
31 36.000000 0.002800 0.006000 
32 36.000000 0.002800 0.005800 
33 38.800000 0.002900 0.005900 
34 53.200000 0.002900 0.005900 
35 78.800000 0.003000 0.005800 
36 115.600000 0.003100 0.006300 
37 167.200000 0.003200 0.006100 
38 211.600000 0.003200 0.006000 
39 256.800000 0.003300 0.005900 
40 288.000000 0.003400 0.005900 
41 323.200000 0.003400 0.006000 
42 354.400000 0.003500 0.005800 
43 381.600000 0.003500 0.005800 
44 406.000000 0.003600 0.006100 
45 450.000000 0.003700 0.006000 
46 477.200000 0.003700 0.005900 
47 505.200000 0.003800 0.005900 
48 532.800000 0.003900 0.006200 
49 564.000000 0.004000 0.006300 
50 594.800000 0.004000 0.006100 
51 621.600000 0.004000 0.006100 
52 653.200000 0.004100 0.005900 
53 684.800000 0.004200 0.005900 
54 719.600000 0.004200 0.006000 
55 757.200000 0.004300 0.006100 
56 800.000000 0.004300 0.005800 
57 842.000000 0.004400 0.005900 
58 899.200000 0.004500 0.006000 
59 945.600000 0.004500 0.005800 
60 993.600000 0.004600 0.006000 
61 1034.800000 0.004600 0.005900 
62 1075.200000 0.004700 0.005800 
63 1112.800000 0.004800 0.005800 
64 1149.200000 0.004900 0.005900 
65 1179.600000 0.004800 0.005900 
66 1220.800000 0.005000 0.005800 
67 1269.600000 0.005000 0.006200 
68 1299.600000 0.005100 0.005700 
69 1336.000000 0.005100 0.006000 
70 1371.200000 0.005200 0.005900 
71 1400.400000 0.005600 0.006300 
72 1431.600000 0.005300 0.006200 
73 1461.200000 0.005400 0.005800 
74 1493.600000 0.005400 0.006100 
75 1520.000000 0.005500 0.005900 
76 1547.600000 0.005500 0.005700 
77 1571.600000 0.005600 0.006000 
78 1606.400000 0.005600 0.006000 
79 1634.800000 0.005700 0.005900 
80 1664.800000 0.005800 0.006100 
81 1692.800000 0.005800 0.006200 
82 1720.800000 0.005900 0.006100 
83 1753.200000 0.006000 0.006000 
84 1779.200000 0.006000 0.006000 
85 1802.400000 0.006100 0.006000 
86 1829.600000 0.006200 0.006200 
87 1855.600000 0.006200 0.005900 
88 1880.800000 0.006300 0.006100 
89 1919.200000 0.006300 0.006100 
90 1943.600000 0.006400 0.006700 
91 1969.600000 0.006500 0.006200 
92 1993.200000 0.006500 0.005900 
93 2020.400000 0.006600 0.006000 
94 2043.600000 0.006600 0.005900 
95 2073.600000 0.006700 0.006100 
96 2101.200000 0.006700 0.005900 
97 2125.200000 0.006800 0.006300 
98 2152.400000 0.006900 0.005800 
99 2175.600000 0.006900 0.006100 
100 2202.800000 0.007000 0.006300 
101 2228.800000 0.007100 0.005900 
102 2255.600000 0.007100 0.006100 
103 2283.600000 0.007100 0.006200 
104 2310.400000 0.007300 0.006000 
105 2336.400000 0.007300 0.006100 
106 2358.000000 0.007300 0.006100 
107 2384.000000 0.007400 0.006000 
108 2409.600000 0.007500 0.006000 
109 2430.000000 0.007600 0.006000 
110 2450.400000 0.007600 0.006000 
111 2484.000000 0.007600 0.006100 
112 2512.400000 0.007600 0.006000 
113 2535.600000 0.007800 0.005800 
114 2560.800000 0.007800 0.006200 
115 2590.400000 0.007900 0.006300 
116 2612.800000 0.007900 0.006100 
117 2636.000000 0.008000 0.006100 
118 2666.000000 0.008000 0.006100 
119 2686.400000 0.008100 0.005900 
120 2713.200000 0.008100 0.006100 
121 2739.600000 0.008200 0.006000 
122 2759.600000 0.008300 0.005900 
123 2785.200000 0.008300 0.006000 
124 2807.600000 0.008400 0.005800 
125 2832.000000 0.008400 0.006100 
126 2855.200000 0.008500 0.006100 
127 2875.200000 0.008600 0.006000 
128 2896.800000 0.008600 0.006100 
129 2922.000000 0.008700 0.006200 
130 2943.600000 0.008700 0.006200 
131 2971.200000 0.008800 0.006100 
132 3002.400000 0.008900 0.006000 
133 3034.400000 0.008900 0.006100 
134 3063.200000 0.009000 0.006100 
135 3091.200000 0.009100 0.006200 
136 3118.000000 0.009200 0.006100 
137 3145.200000 0.009200 0.006100 
138 3171.200000 0.009300 0.006200 
139 3195.600000 0.009300 0.006000 
140 3222.000000 0.009400 0.005900 
141 3246.000000 0.009800 0.006200 
142 3272.800000 0.009500 0.006200 
143 3296.000000 0.009600 0.006300 
144 3323.200000 0.009600 0.006100 
145 3347.600000 0.009700 0.006200 
146 3373.600000 0.009800 0.006000 
147 3404.800000 0.009800 0.006200 
148 3426.800000 0.009900 0.006000 
149 3452.400000 0.010000 0.006300 
150 3476.400000 0.010000 0.006200 
151 3497.600000 0.010100 0.005800 
152 3518.400000 0.010100 0.005800 
153 3542.800000 0.010200 0.006100 
154 3570.000000 0.010300 0.006300 
155 3600.800000 0.010300 0.005900 
156 3626.800000 0.010400 0.006000 
157 3648.800000 0.010500 0.006000 
158 3677.600000 0.010600 0.006500 
159 3703.600000 0.010600 0.006100 
160 3728.400000 0.010600 0.006200 
161 3756.800000 0.010700 0.006200 
162 3780.800000 0.010700 0.006000 
163 3806.400000 0.010800 0.006200 
164 3831.200000 0.010800 0.006100 
165 3854.000000 0.010900 0.006100 
166 3880.000000 0.011000 0.005900 
167 3904.000000 0.011100 0.006300 
168 3929.600000 0.011100 0.006500 
169 3956.400000 0.011200 0.006000 
170 3979.200000 0.011200 0.006000 
171 4005.200000 0.011300 0.005900 
172 4027.600000 0.011300 0.005900 
173 4053.200000 0.011400 0.006000 
174 4078.000000 0.011400 0.006000 
175 4100.800000 0.011500 0.006100 
176 4124.400000 0.011600 0.005900 
177 4150.400000 0.011600 0.006100 
178 4178.800000 0.011700 0.005900 
179 4203.200000 0.011700 0.006000 
180 4228.800000 0.011800 0.006100 
181 4251.200000 0.011900 0.006300 
182 4276.000000 0.012300 0.006200 
183 4297.600000 0.011900 0.005700 
184 4322.800000 0.011900 0.006000 
185 4346.000000 0.012000 0.006000 
186 4370.000000 0.012000 0.006000 
187 4398.400000 0.012100 0.006000 
188 4422.800000 0.012200 0.006100 
189 4444.400000 0.012200 0.006300 
190 4466.000000 0.012300 0.006000 
191 4489.600000 0.012300 0.005800 
192 4508.400000 0.012400 0.006100 
193 4529.600000 0.012500 0.005600 
194 4550.800000 0.012600 0.006000 
195 4571.600000 0.012600 0.006200 
196 4594.800000 0.012600 0.005900 
197 4620.000000 0.012700 0.006000 
198 4646.800000 0.012700 0.006100 
199 4676.400000 0.012800 0.006200 
200 4700.400000 0.012900 0.006200 
201 4724.000000 0.013000 0.006000 
202 4745.600000 0.013000 0.006100 
203 4772.000000 0.013100 0.006100 
204 4795.200000 0.013200 0.005700 
205 4821.600000 0.013200 0.006100 
206 4848.000000 0.013300 0.006100 
207 4869.600000 0.013300 0.006000 
208 4894.400000 0.013400 0.006300 
209 4918.400000 0.013500 0.005900 
210 4946.400000 0.013500 0.006100 
211 4970.400000 0.013500 0.006100 
212 4992.000000 0.013600 0.006000 
213 5017.200000 0.013700 0.006200 
214 5037.600000 0.013700 0.006300 
215 5059.200000 0.013800 0.006200 
216 5087.200000 0.013900 0.006100 
217 5110.000000 0.013900 0.006100 
218 5133.200000 0.013900 0.005900 
219 5152.800000 0.014100 0.006100 
220 5178.000000 0.014100 0.006400 
221 5202.800000 0.014100 0.006000 
222 5227.600000 0.014200 0.006100 
223 5247.600000 0.014400 0.006100 
224 5273.200000 0.014300 0.006000 
225 5296.400000 0.014400 0.008100 
226 5326.400000 0.014500 0.006200 
227 5350.000000 0.014500 0.006200 
228 5372.800000 0.014500 0.006100 
229 5394.400000 0.014600 0.006000 
230 5417.600000 0.014800 0.006100 
231 5444.000000 0.014800 0.006000 
232 5464.800000 0.014900 0.005900 
233 5488.800000 0.014900 0.006000 
234 5508.800000 0.015000 0.006000 
235 5530.400000 0.015100 0.005900 
236 5550.400000 0.015100 0.005600 
237 5576.800000 0.015200 0.006100 
238 5600.000000 0.015300 0.006000 
239 5624.000000 0.015400 0.006300 
240 5650.800000 0.015400 0.006100 
241 5673.600000 0.015500 0.005700 
242 5698.800000 0.015500 0.005800 
243 5728.400000 0.015600 0.006200 
244 5748.800000 0.015700 0.006200 
245 5776.000000 0.015800 0.006000 
246 5798.800000 0.015900 0.005900 
247 5822.000000 0.016000 0.005700 
248 5847.600000 0.016000 0.006200 
249 5870.000000 0.016100 0.006200 
250 5892.400000 0.016100 0.006000 
251 5912.800000 0.016200 0.006000 
252 5941.200000 0.016300 0.006200 
253 5964.000000 0.016300 0.006300 
254 5988.400000 0.016400 0.006200 
255 6014.400000 0.016500 0.006300 
256 6038.800000 0.016600 0.006200 
257 6060.800000 0.016600 0.006100 
258 6084.000000 0.016700 0.006000 
259 6105.600000 0.016700 0.006000 
260 6126.000000 0.016800 0.006000 
261 6149.600000 0.016900 0.006200 
262 6173.200000 0.016900 0.005800 
263 6196.800000 0.016900 0.005900 
264 6223.200000 0.017000 0.006200 
265 6250.000000 0.017100 0.006300 
266 6273.600000 0.017100 0.005900 
267 6296.400000 0.017100 0.006300 
268 6323.200000 0.017300 0.006300 
269 6348.000000 0.017300 0.006200 
270 6369.600000 0.017300 0.005800 
271 6392.400000 0.018100 0.006300 
272 6416.000000 0.017500 0.006000 
273 6438.800000 0.017500 0.005900 
274 6462.400000 0.017600 0.006100 
275 6486.000000 0.017700 0.006300 
276 6508.400000 0.017800 0.006300 
277 6532.800000 0.017800 0.005900 
278 6554.800000 0.017800 0.006200 
279 6576.400000 0.017900 0.006100 
280 6600.000000 0.017900 0.006100 
281 6626.800000 0.018000 0.005800 
282 6651.600000 0.018100 0.006200 
283 6676.800000 0.018100 0.006500 
284 6702.400000 0.018100 0.006300 
285 6726.400000 0.018200 0.006200 
286 6748.400000 0.018300 0.006000 
287 6775.200000 0.018300 0.006100 
288 6801.600000 0.018400 0.006100 
289 6826.800000 0.018400 0.006200 
290 6852.000000 0.018400 0.006100 
291 6875.600000 0.018600 0.006200 
292 6898.800000 0.018600 0.006100 
293 6916.400000 0.018600 0.005900 
294 6936.800000 0.018600 0.005800 
295 6957.200000 0.018700 0.006000 
296 6977.200000 0.018800 0.005800 
297 7002.000000 0.018900 0.006000 
298 7022.800000 0.018900 0.006100 
299 7047.200000 0.019000 0.006100 
300 7073.600000 0.019100 0.006100 
301 7095.600000 0.019200 0.005700 
302 7117.200000 0.019300 0.006300 
303 7140.800000 0.019200 0.005900 
304 7164.000000 0.019400 0.006300 
305 7184.400000 0.019500 0.006200 
306 7206.400000 0.019600 0.006000 
307 7228.000000 0.019700 0.006100 
308 7248.000000 0.019700 0.006300 
309 7270.400000 0.019700 0.006300 
310 7293.200000 0.019800 0.006100 
311 7314.000000 0.019800 0.006200 
312 7340.000000 0.019900 0.006100 
313 7364.400000 0.020000 0.006600 
314 7390.800000 0.020000 0.006500 
315 7411.600000 0.020000 0.005900 
316 7436.400000 0.020100 0.006000 
317 7457.200000 0.020100 0.006400 
318 7477.600000 0.020300 0.006200 
319 7498.800000 0.020300 0.005800 
320 7519.600000 0.020400 0.006000 
321 7542.400000 0.020400 0.005900 
322 7564.400000 0.020500 0.006900 
323 7588.000000 0.020500 0.006100 
324 7615.200000 0.020700 0.006200 
325 7638.400000 0.020800 0.006100 
326 7659.600000 0.020700 0.006300 
327 7680.400000 0.020800 0.005900 
328 7701.600000 0.021000 0.006200 
329 7725.600000 0.020900 0.006200 
330 7745.600000 0.020900 0.006000 
331 7774.800000 0.021000 0.006000 
332 7801.600000 0.021100 0.006100 
333 7827.200000 0.021100 0.006000 
334 7853.200000 0.026300 0.008300 
335 7873.200000 0.021200 0.006200 
336 7898.800000 0.021300 0.006100 
337 7926.000000 0.021400 0.006000 
338 7950.800000 0.021600 0.006200 
339 7982.000000 0.021500 0.006300 
340 8001.600000 0.021600 0.006000 
341 8027.600000 0.021600 0.006300 
342 8048.000000 0.021700 0.006000 
343 8068.800000 0.021900 0.005800 
344 8094.000000 0.021800 0.006400 
345 8113.600000 0.021900 0.006200 
346 8136.800000 0.022000 0.005900 
347 8157.200000 0.022100 0.005900 
348 8175.200000 0.022100 0.005900 
349 8199.200000 0.022000 0.006300 
350 8218.400000 0.022400 0.006000 
351 8240.800000 0.022200 0.006000 
352 8263.200000 0.022300 0.006200 
353 8288.400000 0.022400 0.006100 
354 8310.400000 0.022700 0.005900 
355 8338.400000 0.022500 0.006200 
356 8367.600000 0.022500 0.006400 
357 8395.600000 0.022600 0.006000 
358 8421.200000 0.022700 0.006200 
359 8442.400000 0.022800 0.006100 
360 8467.600000 0.022900 0.006100 
361 8490.400000 0.022800 0.005900 
362 8508.800000 0.023000 0.006000 
363 8531.200000 0.023000 0.006100 
364 8547.200000 0.023000 0.005900 
365 8570.000000 0.023200 0.005900 
366 8598.800000 0.023200 0.006100 
367 8623.200000 0.023200 0.005900 
368 8646.400000 0.023200 0.006200 
369 8669.600000 0.023300 0.006200 
370 8693.200000 0.023400 0.006000 
371 8717.200000 0.023500 0.006000 
372 8742.000000 0.023400 0.006100 
373 8763.600000 0.023600 0.006100 
374 8785.600000 0.023700 0.006000 
375 8810.000000 0.023700 0.006000 
376 8832.800000 0.024000 0.005900 
377 8857.600000 0.023800 0.006100 
378 8878.800000 0.035700 0.008400 
379 8903.600000 0.024100 0.006300 
380 8929.600000 0.024000 0.006400 
381 8953.200000 0.024100 0.006000 
382 8971.200000 0.024100 0.005900 
383 8993.200000 0.024200 0.006100 
384 9019.600000 0.024200 0.006300 
385 9042.400000 0.024300 0.006100 
386 9062.000000 0.024500 0.006000 
387 9082.000000 0.024500 0.006000 
388 9104.800000 0.024600 0.006100 
389 9129.600000 0.025400 0.006000 
390 9149.600000 0.024700 0.005800 
391 9172.800000 0.024700 0.006000 
392 9192.400000 0.024900 0.006100 
393 9216.400000 0.025800 0.006200 
394 9238.800000 0.024900 0.006000 
395 9268.400000 0.024900 0.006200 
396 9290.000000 0.025300 0.006000 
397 9310.800000 0.025200 0.006000 
398 9336.000000 0.025200 0.006100 
399 9358.400000 0.025300 0.006100 
400 9382.000000 0.027500 0.006100 
401 9410.400000 0.025400 0.006100 
402 9438.000000 0.025500 0.006400 
403 9464.400000 0.025500 0.006000 
404 9490.000000 0.025600 0.006000 
405 9514.000000 0.025600 0.006100 
406 9539.200000 0.025700 0.006200 
407 9562.000000 0.025900 0.006200 
408 9584.000000 0.025900 0.006100 
409 9603.200000 0.025900 0.005900 
410 9624.000000 0.026000 0.006100 
411 9651.200000 0.026100 0.006200 
412 9673.600000 0.026100 0.006200 
413 9700.400000 0.026200 0.006500 
414 9722.800000 0.026300 0.006100 
415 9742.800000 0.026400 0.005900 
416 9764.400000 0.026400 0.006100 
417 9789.200000 0.026400 0.005900 
418 9810.400000 0.026500 0.006200 
419 9836.000000 0.026600 0.006300 
420 9860.000000 0.026700 0.005800 
421 9886.000000 0.026700 0.006200 
422 9909.200000 0.026700 0.006200 
423 9930.400000 0.027300 0.006000 
424 9950.000000 0.026900 0.005900 
425 9977.600000 0.026900 0.006400 
426 10001.600000 0.026900 0.006200 
427 10023.600000 0.027000 0.006100 
428 10051.600000 0.027100 0.006000 
429 10075.600000 0.027200 0.006200 
430 10100.000000 0.027300 0.006200 
431 10125.200000 0.027300 0.006300 
432 10148.800000 0.027400 0.005900 
433 10171.200000 0.027400 0.006200 
434 10190.000000 0.027400 0.006000 
435 10212.400000 0.027600 0.006100 
436 10236.800000 0.027600 0.006100 
437 10257.200000 0.036400 0.006100 
438 10277.600000 0.027700 0.005900 
439 10300.400000 0.027800 0.006100 
440 10321.600000 0.028000 0.005700 
441 10346.400000 0.027900 0.006000 
442 10367.600000 0.028000 0.006200 
443 10390.800000 0.028000 0.006100 
444 10414.000000 0.028000 0.006100 
445 10442.800000 0.028100 0.006200 
446 10469.600000 0.028100 0.006000 
447 10494.400000 0.028400 0.006100 
448 10517.200000 0.028400 0.006100 
449 10540.000000 0.028500 0.006200 
450 10564.000000 0.028400 0.006100 
451 10588.000000 0.028500 0.006200 
452 10611.200000 0.028600 0.006000 
453 10634.400000 0.028700 0.006000 
454 10656.000000 0.028700 0.006200 
455 10679.600000 0.028800 0.006100 
456 10697.200000 0.028900 0.005900 
457 10724.400000 0.028900 0.006300 
458 10742.800000 0.029000 0.005900 
459 10767.200000 0.029000 0.006100 
460 10788.800000 0.029000 0.006000 
461 10811.600000 0.029100 0.006200 
462 10832.400000 0.029100 0.006100 
463 10856.800000 0.029300 0.006100 
464 10884.800000 0.029300 0.006200 
465 10908.400000 0.029400 0.005900 
466 10931.200000 0.029300 0.006300 
467 10958.400000 0.029500 0.006300 
468 10984.000000 0.029500 0.006200 
469 11009.600000 0.029600 0.006100 
470 11034.800000 0.030200 0.009900 
471 11056.800000 0.029700 0.006100 
472 11081.200000 0.029800 0.006400 
473 11103.200000 0.029900 0.006200 
474 11122.400000 0.030100 0.006000 
475 11145.600000 0.030000 0.006200 
476 11167.200000 0.030100 0.005900 
477 11186.000000 0.030100 0.005800 
478 11209.200000 0.030200 0.006200 
479 11234.800000 0.030300 0.006300 
480 11259.200000 0.030400 0.006300 
481 11280.000000 0.030400 0.006200 
482 11304.800000 0.030500 0.006500 
483 11329.200000 0.030500 0.006100 
484 11350.800000 0.030700 0.006300 
485 11376.400000 0.030700 0.006400 
486 11398.000000 0.030700 0.006100 
487 11424.800000 0.030900 0.006200 
488 11447.600000 0.030900 0.006000 
489 11476.400000 0.031000 0.006300 
490 11502.800000 0.031100 0.006000 
491 11524.800000 0.031100 0.006200 
492 11547.600000 0.031300 0.006300 
493 11569.600000 0.031200 0.006100 
494 11589.200000 0.031300 0.006000 
495 11613.600000 0.031400 0.006000 
496 11634.400000 0.031400 0.006100 
497 11656.800000 0.031600 0.006100 
498 11680.400000 0.031600 0.006100 
499 11701.600000 0.031600 0.006100 
500 11730.000000 0.031800 0.006600 
501 11758.400000 0.031700 0.006200 
502 11783.600000 0.031800 0.006200 
503 11804.400000 0.031800 0.006300 
504 11829.600000 0.031900 0.006100 
505 11852.400000 0.031800 0.006000 
506 11872.800000 0.032600 0.006000 
507 11899.600000 0.032000 0.006000 
508 11927.600000 0.032000 0.006300 
509 11954.800000 0.032200 0.006100 
510 11976.800000 0.032300 0.006200 
511 12000.000000 0.032400 0.006400 
512 12025.200000 0.032500 0.006300 
513 12046.000000 0.032600 0.006000 
514 12067.200000 0.032500 0.006000 
515 12090.400000 0.032400 0.006300 
516 12114.000000 0.032500 0.006200 
517 12136.400000 0.032600 0.006100 
518 12156.800000 0.033200 0.006000 
519 12180.400000 0.032800 0.025500 
520 12206.800000 0.032800 0.006200 
521 12228.800000 0.032700 0.006200 
522 12247.600000 0.033000 0.006200 
523 12270.800000 0.033200 0.006000 
524 12292.400000 0.033100 0.005800 
525 12312.000000 0.033100 0.005900 
526 12332.800000 0.033300 0.006300 
527 12354.800000 0.033300 0.006200 
528 12375.600000 0.033300 0.006200 
529 12403.200000 0.033300 0.006300 
530 12429.600000 0.033400 0.006200 
531 12454.800000 0.033400 0.006300 
532 12482.400000 0.033500 0.006100 
533 12510.000000 0.033600 0.006000 
534 12530.000000 0.033700 0.006100 
535 12554.400000 0.033600 0.006000 
536 12578.400000 0.033600 0.006300 
537 12604.000000 0.033800 0.006100 
538 12631.600000 0.033900 0.006000 
539 12650.800000 0.033800 0.006300 
540 12679.200000 0.033900 0.006200 
541 12701.200000 0.034000 0.006100 
542 12722.000000 0.034100 0.006300 
543 12749.200000 0.034100 0.006500 
544 12777.600000 0.034200 0.006200 
545 12800.800000 0.034400 0.006200 
546 12822.400000 0.034400 0.006200 
547 12845.600000 0.034500 0.006000 
548 12866.800000 0.034600 0.006000 
549 12887.600000 0.034700 0.006200 
550 12914.400000 0.034700 0.006200 
551 12938.400000 0.034800 0.006100 
552 12962.400000 0.034700 0.006100 
553 12987.200000 0.034900 0.006000 
554 13011.200000 0.034900 0.006100 
555 13040.800000 0.035000 0.006300 
556 13070.400000 0.035000 0.006400 
557 13091.600000 0.035100 0.006000 
558 13120.400000 0.035200 0.006300 
559 13140.800000 0.035200 0.005900 
560 13162.000000 0.035300 0.006000 
561 13183.600000 0.035200 0.006000 
562 13210.400000 0.035400 0.006100 
563 13231.600000 0.035400 0.006200 
564 13252.800000 0.035500 0.006200 
565 13275.600000 0.035500 0.006000 
566 13301.200000 0.035600 0.006100 
567 13326.400000 0.035700 0.006400 
568 13352.400000 0.035700 0.006200 
569 13375.200000 0.035800 0.006100 
570 13399.200000 0.035800 0.006200 
571 13418.400000 0.035900 0.006000 
572 13445.600000 0.035900 0.006200 
573 13472.000000 0.036100 0.006300 
574 13494.800000 0.036000 0.006100 
575 13524.800000 0.036200 0.006100 
576 13556.800000 0.036200 0.006400 
577 13585.200000 0.036200 0.005900 
578 13609.600000 0.036300 0.006200 
579 13632.000000 0.036600 0.006000 
580 13654.800000 0.036600 0.006200 
581 13678.400000 0.036700 0.006100 
582 13700.800000 0.036700 0.006200 
583 13724.000000 0.037000 0.006400 
584 13748.800000 0.036900 0.006000 
585 13773.200000 0.037000 0.006200 
586 13797.600000 0.037100 0.006100 
587 13822.400000 0.037300 0.006200 
588 13849.600000 0.037300 0.008400 
589 13871.200000 0.039500 0.006200 
590 13900.000000 0.037300 0.006300 
591 13924.000000 0.037500 0.005900 
592 13949.200000 0.037400 0.006300 
593 13973.600000 0.037500 0.006100 
594 13997.200000 0.040800 0.006100 
595 14024.000000 0.037600 0.005900 
596 14046.800000 0.037700 0.006200 
597 14064.800000 0.038000 0.005900 
598 14089.200000 0.037900 0.006000 
599 14112.400000 0.037900 0.006200 
600 14140.000000 0.037900 0.006100 
601 14164.400000 0.037900 0.006100 
602 14190.400000 0.038000 0.006200 
603 14216.800000 0.038000 0.006300 
604 14240.000000 0.038100 0.006200 
605 14261.200000 0.038200 0.006100 
606 14284.400000 0.052700 0.046700 
607 14305.600000 0.038400 0.006000 
608 14329.200000 0.038300 0.006500 
609 14352.000000 0.038300 0.006100 
610 14377.200000 0.038500 0.006400 
611 14406.000000 0.038500 0.006300 
612 14426.400000 0.038500 0.006000 
613 14447.600000 0.038600 0.006200 
614 14470.800000 0.038800 0.005700 
615 14490.800000 0.038600 0.005900 
616 14515.200000 0.038800 0.006300 
617 14536.000000 0.039000 0.006000 
618 14560.000000 0.039000 0.006300 
619 14584.800000 0.039000 0.006300 
620 14612.400000 0.038900 0.006100 
621 14637.600000 0.039100 0.006000 
622 14658.800000 0.039100 0.006100 
623 14680.800000 0.042300 0.010400 
624 14703.600000 0.039300 0.006100 
625 14725.600000 0.039300 0.006100 
626 14748.000000 0.039300 0.006000 
627 14772.000000 0.039400 0.006400 
628 14795.200000 0.039400 0.006200 
629 14816.000000 0.039600 0.006100 
630 14846.400000 0.039700 0.006100 
631 14866.800000 0.039600 0.006100 
632 14894.400000 0.039800 0.006200 
633 14920.800000 0.039800 0.006300 
634 14944.400000 0.039800 0.006100 
635 14969.600000 0.040000 0.006200 
636 14991.200000 0.040100 0.006300 
637 15016.000000 0.040300 0.006700 
638 15040.800000 0.040200 0.005900 
639 15068.000000 0.040300 0.005800 
640 15090.800000 0.040400 0.006200 
641 15122.800000 0.040600 0.006600 
642 15145.600000 0.040500 0.006300 
643 15172.400000 0.040800 0.005900 
644 15201.600000 0.040800 0.006100 
645 15229.200000 0.040800 0.006400 
646 15251.200000 0.040800 0.006100 
647 15272.400000 0.040900 0.006000 
648 15292.000000 0.041000 0.006400 
649 15313.600000 0.040900 0.005900 
650 15332.800000 0.042800 0.054700 
651 15356.400000 0.041300 0.006400 
652 15380.000000 0.041300 0.006100 
653 15407.600000 0.041300 0.006500 
654 15430.000000 0.041400 0.006100 
655 15450.800000 0.041500 0.006100 
656 15473.600000 0.041500 0.006400 
657 15490.800000 0.041700 0.006000 
658 15514.800000 0.041900 0.006300 
659 15538.400000 0.041900 0.006100 
660 15561.600000 0.042200 0.006000 
661 15589.200000 0.042400 0.006300 
662 15612.400000 0.042200 0.006300 
663 15638.800000 0.042300 0.006100 
664 15662.000000 0.042400 0.006000 
665 15685.200000 0.047200 0.013400 
666 15710.800000 0.042400 0.006000 
667 15735.200000 0.042500 0.005800 
668 15756.800000 0.044000 0.006000 
669 15782.400000 0.042800 0.006500 
670 15804.000000 0.043100 0.006200 
671 15825.600000 0.043100 0.006100 
672 15848.800000 0.043100 0.006300 
673 15876.000000 0.043000 0.006300 
674 15897.600000 0.068500 0.006000 
675 15915.600000 0.043300 0.005900 
676 15939.600000 0.043200 0.006300 
677 15961.600000 0.043500 0.006100 
678 15990.000000 0.043600 0.006000 
679 16016.800000 0.043600 0.006300 
680 16039.600000 0.043900 0.006100 
681 16062.800000 0.043900 0.006100 
682 16085.200000 0.044100 0.006200 
683 16110.800000 0.044100 0.006300 
684 16135.200000 0.044300 0.008400 
685 16164.400000 0.044500 0.006200 
686 16185.600000 0.045200 0.005900 
687 16207.600000 0.044700 0.005900 
688 16236.800000 0.044700 0.005900 
689 16260.400000 0.044800 0.006300 
690 16284.800000 0.045000 0.006300 
691 16312.400000 0.045000 0.006000 
692 16338.800000 0.045400 0.006100 
693 16361.200000 0.045400 0.006100 
694 16381.600000 0.045600 0.005700 
695 16406.000000 0.045800 0.006300 
696 16430.800000 0.045700 0.006000 
697 16454.000000 0.045800 0.006000 
698 16478.000000 0.045900 0.006200 
699 16503.600000 0.045800 0.006400 
700 16528.400000 0.045900 0.006200 
701 16554.400000 0.046000 0.006200 
702 16575.200000 0.046000 0.005900 
703 16596.000000 0.046100 0.006300 
704 16617.200000 0.046200 0.006000 
705 16646.400000 0.046400 0.006000 
706 16670.400000 0.046400 0.006100 
707 16697.600000 0.046300 0.006300 
708 16726.400000 0.046400 0.006100 
709 16749.600000 0.046500 0.006200 
710 16774.400000 0.046900 0.006500 
711 16796.800000 0.047000 0.006200 
712 16823.200000 0.046900 0.040600 
713 16845.200000 0.047200 0.006300 
714 16867.600000 0.047100 0.006000 
715 16896.800000 0.047200 0.006300 
716 16922.800000 0.047200 0.006100 
717 16944.000000 0.047200 0.006200 
718 16966.800000 0.062800 0.006300 
719 16991.200000 0.048100 0.006300 
720 17012.000000 0.047500 0.006000 
721 17034.800000 0.047600 0.006100 
722 17058.800000 0.047600 0.006200 
723 17081.200000 0.047900 0.005800 
724 17103.600000 0.047800 0.005800 
725 17129.200000 0.048000 0.006000 
726 17152.800000 0.048200 0.006300 
727 17180.400000 0.048400 0.006100 
728 17203.200000 0.048400 0.006300 
729 17230.800000 0.048400 0.006100 
730 17255.600000 0.048500 0.005900 
731 17279.200000 0.048800 0.006200 
732 17304.000000 0.048900 0.006300 
733 17328.400000 0.048800 0.005900 
734 17352.000000 0.048900 0.006100 
735 17374.800000 0.048900 0.005900 
736 17397.200000 0.049000 0.006100 
737 17423.200000 0.048800 0.005800 
738 17448.800000 0.049000 0.006300 
739 17474.800000 0.048900 0.006500 
740 17499.600000 0.049000 0.005900 
741 17522.800000 0.049000 0.006100 
742 17550.400000 0.049100 0.006300 
743 17576.400000 0.049100 0.006300 
744 17600.800000 0.049100 0.006200 
745 17623.200000 0.049300 0.005900 
746 17649.200000 0.049100 0.006100 
747 17676.000000 0.049400 0.006100 
748 17696.800000 0.049500 0.006000 
749 17723.200000 0.049500 0.006200 
750 17746.000000 0.049500 0.005900 
751 17766.800000 0.049600 0.006100 
752 17792.400000 0.049800 0.006200 
753 17816.000000 0.049900 0.006300 
754 17838.000000 0.049800 0.019400 
755 17862.800000 0.049700 0.017900 
756 17888.800000 0.050300 0.006100 
757 17912.800000 0.050000 0.005900 
758 17938.000000 0.050100 0.006000 
759 17962.000000 0.050100 0.006300 
760 17985.200000 0.050100 0.006200 
761 18007.200000 0.050200 0.006100 
762 18029.600000 0.050200 0.006500 
763 18050.000000 0.050100 0.006200 
764 18075.600000 0.050200 0.006200 
765 18100.400000 0.050200 0.006000 
766 18126.800000 0.050200 0.006200 
767 18153.600000 0.050200 0.006200 
768 18176.800000 0.050200 0.006200 
769 18202.000000 0.050400 0.006200 
770 18222.800000 0.063200 0.006200 
771 18246.000000 0.050600 0.007400 
772 18273.200000 0.050400 0.006200 
773 18299.200000 0.050500 0.006100 
774 18321.600000 0.050500 0.006000 
775 18341.200000 0.050600 0.006400 
776 18372.400000 0.050900 0.006100 
777 18396.400000 0.050500 0.006100 
778 18420.400000 0.050600 0.006100 
779 18446.800000 0.050700 0.005800 
780 18466.800000 0.050700 0.006400 
781 18489.600000 0.051000 0.006100 
782 18514.400000 0.051100 0.006400 
783 18534.400000 0.050800 0.005800 
784 18555.600000 0.051000 0.005900 
785 18581.600000 0.057600 0.051300 
786 18605.600000 0.051100 0.005900 
787 18632.000000 0.051300 0.006300 
788 18654.000000 0.051000 0.006100 
789 18675.600000 0.051000 0.006100 
790 18700.000000 0.051100 0.006100 
791 18726.800000 0.051100 0.006200 
792 18752.400000 0.051200 0.006200 
793 18781.200000 0.051400 0.006300 
794 18802.400000 0.051300 0.005900 
795 18823.600000 0.051400 0.006100 
796 18853.200000 0.051400 0.006400 
797 18875.600000 0.051400 0.006200 
798 18898.000000 0.051600 0.006200 
799 18921.200000 0.051600 0.005900 
800 18952.400000 0.051800 0.006600 
801 18974.400000 0.051700 0.006300 
802 18996.400000 0.051800 0.006200 
803 19022.400000 0.051900 0.006400 
804 19047.200000 0.052100 0.006400 
805 19073.200000 0.052000 0.006200 
806 19099.200000 0.052100 0.006200 
807 19121.600000 0.052300 0.006000 
808 19142.800000 0.052200 0.006100 
809 19168.400000 0.052300 0.006300 
810 19193.600000 0.052200 0.006300 
811 19213.600000 0.052500 0.006100 
812 19236.000000 0.052500 0.006100 
813 19259.600000 0.052600 0.006200 
814 19285.200000 0.052600 0.006300 
815 19313.600000 0.060500 0.012500 
816 19341.600000 0.052600 0.006300 
817 19366.800000 0.052900 0.017800 
818 19396.000000 0.052900 0.010700 
819 19422.800000 0.053000 0.006100 
820 19450.400000 0.053100 0.006300 
821 19475.200000 0.052900 0.006300 
822 19502.000000 0.053000 0.006300 
823 19522.000000 0.053000 0.006200 
824 19546.000000 0.053100 0.006100 
825 19568.400000 0.053200 0.006400 
826 19592.400000 0.053200 0.006400 
827 19614.800000 0.053200 0.006300 
828 19642.000000 0.053200 0.006200 
829 19668.800000 0.053400 0.006300 
830 19690.800000 0.053200 0.006300 
831 19715.600000 0.053300 0.005900 
832 19738.000000 0.053400 0.006100 
833 19764.400000 0.053600 0.006400 
834 19784.400000 0.053500 0.005900 
835 19807.200000 0.053600 0.006000 
836 19830.400000 0.053900 0.027100 
837 19854.000000 0.054100 0.006200 
838 19877.200000 0.054200 0.005900 
839 19900.800000 0.054300 0.006300 
840 19928.400000 0.054400 0.006200 
841 19953.200000 0.054400 0.006100 
842 19978.800000 0.054400 0.006300 
843 20007.600000 0.054500 0.006400 
844 20029.200000 0.054700 0.006100 
845 20051.200000 0.054500 0.006000 
846 20071.200000 0.054700 0.006100 
847 20096.800000 0.054700 0.006100 
848 20120.400000 0.054900 0.006200 
849 20146.400000 0.054800 0.006200 
850 20170.000000 0.065100 0.047800 
851 20190.800000 0.055100 0.006300 
852 20212.800000 0.055100 0.006500 
853 20236.800000 0.055200 0.006300 
854 20260.400000 0.055400 0.006200 
855 20282.800000 0.055300 0.006000 
856 20310.400000 0.055500 0.006100 
857 20336.000000 0.055400 0.006200 
858 20357.200000 0.055500 0.006100 
859 20382.400000 0.058200 0.005900 
860 20407.600000 0.055600 0.006100 
861 20433.200000 0.055700 0.006300 
862 20460.000000 0.055800 0.006200 
863 20488.800000 0.055800 0.006000 
864 20512.000000 0.055800 0.006300 
865 20536.800000 0.055900 0.006000 
866 20562.400000 0.056000 0.006300 
867 20591.600000 0.061800 0.006400 
868 20615.600000 0.056000 0.006200 
869 20638.000000 0.056100 0.006200 
870 20664.400000 0.056300 0.005900 
871 20688.800000 0.056500 0.011200 
872 20717.200000 0.056600 0.012700 
873 20741.200000 0.056600 0.006200 
874 20767.200000 0.056600 0.006400 
875 20792.400000 0.063100 0.061400 
876 20812.000000 0.056800 0.006200 
877 20828.800000 0.057000 0.005800 
878 20853.600000 0.056800 0.006300 
879 20876.800000 0.056900 0.006000 
880 20896.000000 0.057000 0.006200 
881 20919.200000 0.057100 0.006200 
882 20943.200000 0.057000 0.006100 
883 20966.800000 0.057100 0.006100 
884 20992.400000 0.067900 0.027900 
885 21016.000000 0.057000 0.006200 
886 21040.400000 0.057100 0.006200 
887 21064.400000 0.057200 0.005900 
888 21088.800000 0.057300 0.006200 
889 21112.000000 0.057200 0.006300 
890 21136.800000 0.057200 0.006100 
891 21158.800000 0.057400 0.005900 
892 21184.800000 0.057500 0.006200 
893 21212.000000 0.058000 0.006100 
894 21235.600000 0.057800 0.006300 
895 21262.000000 0.058000 0.027600 
896 21286.800000 0.057800 0.006300 
897 21308.800000 0.057900 0.006200 
898 21334.000000 0.058600 0.006500 
899 21356.800000 0.058300 0.006200 
900 21379.600000 0.058300 0.006200 
901 21401.600000 0.058300 0.006400 
902 21419.600000 0.058600 0.006100 
903 21446.800000 0.058300 0.006500 
904 21471.200000 0.058500 0.006400 
905 21499.600000 0.058500 0.006400 
906 21522.400000 0.058600 0.006200 
907 21546.000000 0.058400 0.005900 
908 21570.800000 0.058800 0.006400 
909 21595.600000 0.058900 0.006100 
910 21620.000000 0.059000 0.006100 
911 21648.400000 0.059100 0.006200 
912 21671.200000 0.059100 0.006300 
913 21697.200000 0.059200 0.006100 
914 21718.000000 0.059400 0.006100 
915 21742.400000 0.059500 0.006200 
916 21766.400000 0.059600 0.006100 
917 21792.800000 0.059700 0.006200 
918 21816.000000 0.059600 0.006300 
919 21835.200000 0.059600 0.006100 
920 21861.200000 0.059700 0.006300 
921 21882.000000 0.059800 0.006300 
922 21905.600000 0.059800 0.006200 
923 21927.600000 0.059700 0.006000 
924 21950.400000 0.060000 0.006000 
925 21976.400000 0.059900 0.006100 
926 22000.400000 0.059700 0.006200 
927 22027.200000 0.060000 0.006100 
928 22048.800000 0.069500 0.006100 
929 22070.800000 0.060000 0.006000 
930 22094.000000 0.060900 0.006100 
931 22118.400000 0.060400 0.006300 
932 22141.600000 0.060400 0.006400 
933 22165.200000 0.060500 0.006300 
934 22185.200000 0.060500 0.006000 
935 22210.000000 0.060500 0.006100 
936 22233.200000 0.060600 0.006200 
937 22255.200000 0.060500 0.006200 
938 22281.200000 0.060400 0.006100 
939 22309.200000 0.060500 0.006100 
940 22333.200000 0.060700 0.006300 
941 22350.800000 0.060600 0.022900 
942 22378.000000 0.061200 0.006400 
943 22402.000000 0.060600 0.006300 
944 22427.200000 0.060700 0.006300 
945 22455.200000 0.061000 0.006400 
946 22478.000000 0.060800 0.006300 
947 22504.800000 0.060900 0.006200 
948 22525.200000 0.061000 0.006300 
949 22550.800000 0.061400 0.006300 
950 22575.200000 0.061100 0.006200 
951 22600.400000 0.061400 0.006200 
952 22624.000000 0.061200 0.006100 
953 22647.600000 0.061200 0.006100 
954 22669.200000 0.061500 0.006000 
955 22692.400000 0.061400 0.006400 
956 22712.000000 0.061800 0.006400 
957 22732.400000 0.061700 0.006100 
958 22755.600000 0.061500 0.006000 
959 22781.600000 0.062300 0.006300 
960 22801.200000 0.061800 0.006100 
961 22825.600000 0.061600 0.006100 
962 22850.000000 0.061700 0.006300 
963 22869.200000 0.061800 0.006200 
964 22891.600000 0.061900 0.005800 
965 22913.600000 0.062000 0.006100 
966 22940.000000 0.062200 0.006200 
967 22961.600000 0.062200 0.006200 
968 22982.000000 0.062200 0.006300 
969 23004.800000 0.075000 0.023200 
970 23029.200000 0.062500 0.006000 
971 23053.200000 0.062500 0.006200 
972 23078.800000 0.064600 0.055900 
973 23100.000000 0.062600 0.006300 
974 23124.400000 0.062500 0.006200 
975 23146.800000 0.084700 0.008700 
976 23172.000000 0.068500 0.006000 
977 23190.800000 0.063400 0.006200 
978 23212.800000 0.062700 0.006400 
979 23236.000000 0.062800 0.006400 
980 23260.400000 0.062900 0.006400 
981 23283.200000 0.062900 0.006500 
982 23304.800000 0.062900 0.006300 
983 23331.200000 0.062900 0.006600 
984 23351.200000 0.063500 0.006000 
985 23371.200000 0.063100 0.006000 
986 23398.000000 0.063100 0.006400 
987 23420.400000 0.063500 0.006500 
988 23443.600000 0.063300 0.006200 
989 23465.600000 0.063700 0.006000 
990 23491.200000 0.063600 0.006300 
991 23517.600000 0.064100 0.005900 
992 23540.800000 0.063900 0.006100 
993 23565.200000 0.064100 0.006200 
994 23590.000000 0.063800 0.033100 
995 23614.400000 0.063900 0.006100 
996 23638.000000 0.064100 0.006200 
997 23662.000000 0.064100 0.006000 
998 23687.200000 0.064100 0.006300 
999 23709.600000 0.064400 0.006200 
1000 23732.000000 0.064500 0.006400 
1001 23759.200000 0.064400 0.006500 
1002 23782.800000 0.064600 0.006600 
1003 23806.000000 0.064600 0.006000 
1004 23828.400000 0.064900 0.005900 
1005 23851.200000 0.065000 0.006200 
1006 23874.000000 0.065500 0.006400 
1007 23896.000000 0.082200 0.012400 
1008 23918.800000 0.065400 0.006200 
1009 23938.800000 0.088500 0.006200 
1010 23961.200000 0.065700 0.022300 
1011 23982.000000 0.093400 0.009500 
1012 24008.000000 0.065800 0.006200 
1013 24034.400000 0.078600 0.039300 
1014 24057.600000 0.065800 0.006000 
1015 24082.000000 0.065900 0.006000 
1016 24104.400000 0.065600 0.005800 
1017 24132.400000 0.065800 0.006100 
1018 24153.600000 0.065900 0.006400 
1019 24178.800000 0.066100 0.006400 
1020 24198.800000 0.066000 0.006200 
1021 24222.800000 0.066300 0.006300 
1022 24249.200000 0.066200 0.006400 
1023 24272.800000 0.066200 0.006000 
1024 24293.600000 0.066600 0.006200 
1025 24318.000000 0.066800 0.006000 
1026 24339.200000 0.066800 0.006100 
1027 24362.800000 0.066900 0.006500 
1028 24385.600000 0.067000 0.006000 
1029 24406.400000 0.066900 0.006200 
1030 24431.600000 0.067100 0.006100 
1031 24454.400000 0.067300 0.006300 
1032 24474.400000 0.067700 0.006300 
1033 24496.800000 0.067300 0.006300 
1034 24522.400000 0.067100 0.006200 
1035 24546.800000 0.067300 0.006200 
1036 24570.000000 0.089900 0.035500 
1037 24598.800000 0.067300 0.026800 
1038 24622.000000 0.067700 0.041000 
1039 24646.400000 0.067400 0.006200 
1040 24668.000000 0.067600 0.006000 
1041 24695.200000 0.067700 0.006100 
1042 24718.400000 0.067600 0.006100 
1043 24742.400000 0.067800 0.006400 
1044 24767.200000 0.067900 0.006200 
1045 24791.600000 0.067900 0.006100 
1046 24812.800000 0.067900 0.006400 
1047 24834.400000 0.068200 0.006300 
1048 24860.400000 0.068300 0.006400 
1049 24885.600000 0.068300 0.006300 
1050 24909.200000 0.076400 0.006200 
1051 24935.200000 0.068700 0.006500 
1052 24953.600000 0.068800 0.006000 
1053 24978.800000 0.068600 0.006300 
1054 25005.600000 0.068600 0.006300 
1055 25025.600000 0.068700 0.006000 
1056 25052.400000 0.068800 0.006500 
1057 25072.400000 0.068900 0.006300 
1058 25097.200000 0.069200 0.006100 
1059 25120.800000 0.069100 0.006300 
1060 25146.000000 0.069200 0.006400 
1061 25167.600000 0.069300 0.006100 
1062 25189.200000 0.069400 0.006200 
1063 25210.400000 0.069400 0.005900 
1064 25232.000000 0.069600 0.006300 
1065 25255.600000 0.069600 0.006300 
1066 25280.400000 0.069900 0.006400 
1067 25302.000000 0.070100 0.006100 
1068 25323.600000 0.069800 0.006100 
1069 25345.200000 0.070000 0.006300 
1070 25370.000000 0.070500 0.007400 
1071 25395.200000 0.070300 0.011200 
1072 25417.200000 0.070500 0.006200 
1073 25442.400000 0.095000 0.027600 
1074 25462.000000 0.070400 0.006000 
1075 25483.600000 0.070400 0.006300 
1076 25504.000000 0.070400 0.005900 
1077 25525.200000 0.070400 0.006300 
1078 25546.800000 0.070500 0.006100 
1079 25573.600000 0.070700 0.005900 
1080 25598.000000 0.070900 0.006400 
1081 25621.600000 0.071000 0.006000 
1082 25645.600000 0.071300 0.006100 
1083 25668.400000 0.071400 0.006400 
1084 25691.200000 0.071200 0.006100 
1085 25710.400000 0.070900 0.006200 
1086 25728.800000 0.071300 0.006200 
1087 25750.000000 0.071800 0.006100 
1088 25772.800000 0.072100 0.006100 
1089 25792.400000 0.071800 0.006400 
1090 25821.600000 0.072300 0.006300 
1091 25842.800000 0.071800 0.006000 
1092 25864.000000 0.071400 0.006200 
1093 25890.400000 0.085900 0.024200 
1094 25915.200000 0.090600 0.006200 
1095 25937.200000 0.071700 0.006300 
1096 25961.600000 0.072600 0.006300 
1097 25986.000000 0.072400 0.006400 
1098 26008.000000 0.072300 0.006100 
1099 26029.200000 0.072600 0.006200 
1100 26052.800000 0.072700 0.005900 
1101 26077.200000 0.072600 0.006300 
1102 26100.400000 0.072800 0.006300 
1103 26125.600000 0.072700 0.013900 
1104 26154.000000 0.072600 0.006300 
1105 26176.400000 0.072800 0.006200 
1106 26203.200000 0.072700 0.006200 
1107 26227.200000 0.073900 0.006200 
1108 26249.600000 0.073600 0.023600 
1109 26274.800000 0.073100 0.006200 
1110 26296.800000 0.073700 0.006200 
1111 26322.800000 0.073800 0.006300 
1112 26346.400000 0.074000 0.028800 
1113 26370.400000 0.089900 0.022400 
1114 26393.200000 0.080000 0.006300 
1115 26417.200000 0.074000 0.006400 
1116 26440.800000 0.074500 0.006300 
1117 26460.400000 0.074300 0.019800 
1118 26482.800000 0.074200 0.006100 
1119 26505.600000 0.074400 0.006000 
1120 26527.200000 0.074200 0.006400 
1121 26550.400000 0.074800 0.005900 
1122 26570.400000 0.074800 0.005800 
1123 26594.800000 0.074900 0.006500 
1124 26621.200000 0.074800 0.006100 
1125 26642.800000 0.075000 0.006300 
1126 26673.600000 0.075300 0.006200 
1127 26696.800000 0.075100 0.006600 
1128 26718.000000 0.075400 0.006000 
1129 26744.400000 0.075300 0.006300 
1130 26765.600000 0.075500 0.006200 
1131 26788.800000 0.075500 0.006200 
1132 26815.200000 0.075700 0.006700 
1133 26840.800000 0.075800 0.006300 
1134 26862.800000 0.075900 0.006300 
1135 26883.600000 0.076000 0.006200 
1136 26905.600000 0.076100 0.006000 
1137 26927.600000 0.075700 0.006300 
1138 26951.200000 0.076400 0.006200 
1139 26973.200000 0.076200 0.006300 
1140 26995.200000 0.076200 0.006100 
1141 27020.400000 0.076000 0.006400 
1142 27048.000000 0.076300 0.006400 
1143 27068.000000 0.096100 0.020000 
1144 27092.800000 0.076300 0.006200 
1145 27118.800000 0.076300 0.006300 
1146 27143.200000 0.077000 0.006100 
1147 27172.000000 0.077000 0.035700 
1148 27195.600000 0.076800 0.006300 
1149 27219.200000 0.077100 0.006300 
1150 27243.200000 0.077400 0.006100 
1151 27265.600000 0.077300 0.006300 
1152 27284.400000 0.077300 0.006400 
1153 27305.600000 0.077600 0.006000 
1154 27329.200000 0.077600 0.006200 
1155 27356.000000 0.077400 0.006400 
1156 27380.400000 0.077800 0.006300 
1157 27403.600000 0.077600 0.006200 
1158 27430.400000 0.077500 0.006400 
1159 27453.200000 0.077500 0.006100 
1160 27474.800000 0.077500 0.006300 
1161 27496.000000 0.077700 0.006300 
1162 27519.200000 0.077600 0.006300 
1163 27542.000000 0.078000 0.006100 
1164 27559.600000 0.077900 0.006200 
1165 27580.800000 0.078200 0.006400 
1166 27605.200000 0.077900 0.006400 
1167 27631.600000 0.078400 0.006300 
1168 27657.600000 0.078200 0.006200 
1169 27680.400000 0.078500 0.006300 
1170 27708.800000 0.085900 0.020200 
1171 27736.000000 0.078700 0.006500 
1172 27760.800000 0.078800 0.006400 
1173 27783.200000 0.078900 0.006300 
1174 27808.400000 0.078900 0.006300 
1175 27829.600000 0.079000 0.005900 
1176 27850.000000 0.078900 0.006300 
1177 27870.400000 0.079000 0.006300 
1178 27890.400000 0.096800 0.006100 
1179 27912.400000 0.092900 0.006400 
1180 27942.000000 0.078800 0.006200 
1181 27964.800000 0.087700 0.006200 
1182 27985.200000 0.079300 0.006100 
1183 28010.000000 0.079300 0.006200 
1184 28033.200000 0.079500 0.006300 
1185 28056.400000 0.079900 0.006200 
1186 28082.000000 0.079700 0.006500 
1187 28104.800000 0.079800 0.006000 
1188 28130.400000 0.079600 0.006100 
1189 28157.200000 0.079700 0.006600 
1190 28182.000000 0.079700 0.006200 
1191 28204.800000 0.079700 0.005900 
1192 28227.200000 0.080300 0.006200 
1193 28253.600000 0.080400 0.006300 
1194 28277.200000 0.080000 0.006000 
1195 28301.200000 0.079900 0.006300 
1196 28325.200000 0.079900 0.006000 
1197 28345.600000 0.080200 0.006100 
1198 28367.200000 0.080200 0.006300 
1199 28392.000000 0.080400 0.042000 
1200 28414.000000 0.084000 0.014200 
1201 28434.800000 0.080400 0.006000 
1202 28458.400000 0.080500 0.006100 
1203 28484.400000 0.080800 0.018700 
1204 28508.800000 0.080800 0.006100 
1205 28532.000000 0.080600 0.006300 
1206 28552.400000 0.080700 0.006000 
1207 28575.600000 0.080800 0.006800 
1208 28597.600000 0.080900 0.006400 
1209 28622.400000 0.081000 0.006500 
1210 28642.800000 0.080800 0.006300 
1211 28666.400000 0.081200 0.027500 
1212 28690.400000 0.081400 0.006400 
1213 28715.200000 0.088200 0.006200 
1214 28734.400000 0.081200 0.006500 
1215 28757.600000 0.081500 0.006300 
1216 28781.200000 0.081700 0.006300 
1217 28803.600000 0.081400 0.006100 
1218 28822.400000 0.081700 0.007500 
1219 28841.600000 0.081700 0.059500 
1220 28864.800000 0.081600 0.006000 
1221 28892.000000 0.081800 0.006300 
1222 28916.000000 0.081800 0.006300 
1223 28938.400000 0.082200 0.016400 
1224 28958.800000 0.082500 0.006100 
1225 28983.200000 0.082100 0.006200 
1226 29006.800000 0.082300 0.016200 
1227 29029.600000 0.082700 0.029800 
1228 29053.600000 0.104400 0.006000 
1229 29076.000000 0.092700 0.006100 
1230 29100.400000 0.082300 0.006600 
1231 29124.800000 0.082200 0.006200 
1232 29144.800000 0.084800 0.006100 
1233 29168.800000 0.082300 0.006000 
1234 29193.200000 0.082600 0.006200 
1235 29216.000000 0.082700 0.006000 
1236 29243.200000 0.082700 0.006000 
1237 29267.200000 0.082600 0.006100 
1238 29287.200000 0.082600 0.006200 
1239 29313.200000 0.082500 0.006500 
1240 29333.600000 0.083100 0.006200 
1241 29360.800000 0.083000 0.006400 
1242 29384.800000 0.082900 0.006400 
1243 29409.200000 0.082800 0.005900 
1244 29430.000000 0.083500 0.006200 
1245 29455.200000 0.098500 0.006400 
1246 29478.400000 0.083300 0.006200 
1247 29497.200000 0.083400 0.006200 
1248 29519.200000 0.083500 0.006000 
1249 29539.200000 0.083400 0.006300 
1250 29563.200000 0.083900 0.006300 
1251 29584.000000 0.084000 0.064000 
1252 29606.400000 0.083600 0.064100 
1253 29628.800000 0.083700 0.006100 
1254 29650.400000 0.083600 0.006300 
1255 29674.400000 0.083800 0.006400 
1256 29699.200000 0.083900 0.006300 
1257 29721.200000 0.084200 0.006300 
1258 29747.200000 0.083900 0.006400 
1259 29767.600000 0.084500 0.006200 
1260 29793.600000 0.084800 0.006000 
1261 29818.000000 0.085100 0.006100 
1262 29842.000000 0.085100 0.009500 
1263 29863.600000 0.085000 0.010900 
1264 29881.600000 0.085100 0.006300 
1265 29904.400000 0.085300 0.006300 
1266 29922.000000 0.085300 0.006200 
1267 29941.600000 0.085600 0.005900 
1268 29967.200000 0.085500 0.006300 
1269 29992.000000 0.085600 0.006200 
1270 30013.200000 0.085900 0.006300 
1271 30034.400000 0.085500 0.006200 
1272 30059.600000 0.085100 0.006500 
1273 30082.800000 0.085500 0.006400 
1274 30107.600000 0.085400 0.006500 
1275 30128.400000 0.085600 0.006300 
1276 30152.000000 0.085500 0.006200 
1277 30178.800000 0.085700 0.025300 
1278 30199.600000 0.085900 0.006100 
1279 30224.400000 0.086100 0.006300 
1280 30250.000000 0.085800 0.006700 
1281 30274.800000 0.086200 0.006400 
1282 30296.800000 0.086600 0.006100 
1283 30320.000000 0.105300 0.012900 
1284 30345.200000 0.088100 0.006100 
1285 30370.400000 0.087000 0.006200 
1286 30394.400000 0.086600 0.006200 
1287 30418.400000 0.086700 0.006400 
1288 30441.600000 0.086500 0.005900 
1289 30466.000000 0.086900 0.006300 
1290 30488.800000 0.086500 0.006200 
1291 30510.800000 0.086500 0.006200 
1292 30534.000000 0.086600 0.006400 
1293 30556.800000 0.087000 0.006200 
1294 30577.600000 0.086900 0.006100 
1295 30599.200000 0.087100 0.006300 
1296 30620.800000 0.087000 0.006300 
1297 30644.800000 0.087200 0.006400 
1298 30669.600000 0.087200 0.006200 
1299 30695.200000 0.087100 0.006300 
1300 30716.800000 0.087300 0.006300 
1301 30743.200000 0.087300 0.006400 
1302 30765.600000 0.087400 0.006100 
1303 30788.800000 0.087700 0.006100 
1304 30814.400000 0.087800 0.006200 
1305 30838.000000 0.087700 0.008600 
1306 30864.400000 0.087800 0.006200 
1307 30887.600000 0.087800 0.006200 
1308 30913.600000 0.087900 0.006100 
1309 30936.800000 0.088300 0.006000 
1310 30958.400000 0.087800 0.006600 
1311 30978.800000 0.088500 0.006200 
1312 31001.600000 0.088000 0.006500 
1313 31024.000000 0.088400 0.006100 
1314 31045.600000 0.088400 0.006300 
1315 31067.600000 0.088400 0.006300 
1316 31090.400000 0.104500 0.006200 
1317 31114.000000 0.089200 0.006400 
1318 31133.600000 0.088800 0.053600 
1319 31159.200000 0.088400 0.006000 
1320 31185.200000 0.088800 0.006200 
1321 31210.400000 0.088800 0.006300 
1322 31235.200000 0.088900 0.006300 
1323 31263.200000 0.089600 0.006500 
1324 31282.400000 0.088600 0.005900 
1325 31307.200000 0.088900 0.005900 
1326 31332.000000 0.088800 0.006500 
1327 31355.600000 0.088600 0.006300 
1328 31378.000000 0.088900 0.006200 
1329 31401.600000 0.089100 0.006200 
1330 31423.600000 0.089100 0.006100 
1331 31444.800000 0.089500 0.006100 
1332 31469.600000 0.089200 0.045700 
1333 31494.000000 0.089600 0.006200 
1334 31514.000000 0.089300 0.006100 
1335 31538.400000 0.089800 0.006300 
1336 31569.200000 0.089500 0.006500 
1337 31598.000000 0.089500 0.039900 
1338 31619.200000 0.089700 0.006400 
1339 31642.400000 0.111900 0.021400 
1340 31664.400000 0.089700 0.006100 
1341 31685.200000 0.090000 0.006100 
1342 31706.400000 0.090200 0.006300 
1343 31730.800000 0.105100 0.006300 
1344 31752.800000 0.121000 0.006200 
1345 31774.000000 0.090900 0.006000 
1346 31796.000000 0.090100 0.006300 
1347 31819.600000 0.090400 0.006300 
1348 31844.800000 0.090300 0.006400 
1349 31868.800000 0.090300 0.006200 
1350 31892.000000 0.090300 0.006100 
1351 31914.800000 0.110800 0.011900 
1352 31938.400000 0.090600 0.006300 
1353 31962.800000 0.090700 0.006300 
1354 31989.200000 0.090600 0.006400 
1355 32011.600000 0.090700 0.006400 
1356 32033.200000 0.091100 0.006000 
1357 32054.000000 0.091100 0.006200 
1358 32078.400000 0.091100 0.006200 
1359 32102.400000 0.091600 0.006600 
1360 32124.400000 0.091500 0.027300 
1361 32143.600000 0.091600 0.006300 
1362 32165.600000 0.091700 0.006000 
1363 32190.000000 0.091500 0.006100 
1364 32212.800000 0.091600 0.006500 
1365 32233.200000 0.091400 0.006300 
1366 32256.400000 0.091100 0.006400 
1367 32280.400000 0.092000 0.005900 
1368 32308.000000 0.091700 0.006300 
1369 32334.000000 0.092200 0.006400 
1370 32359.200000 0.091800 0.006100 
1371 32386.000000 0.091800 0.006300 
1372 32410.000000 0.091900 0.006200 
1373 32430.800000 0.092200 0.028300 
1374 32452.400000 0.092900 0.011000 
1375 32478.400000 0.092000 0.006000 
1376 32501.600000 0.092500 0.006100 
1377 32524.000000 0.092700 0.006100 
1378 32544.000000 0.097400 0.006300 
1379 32570.400000 0.092700 0.020500 
1380 32592.000000 0.092800 0.006000 
1381 32614.000000 0.092800 0.006200 
1382 32635.200000 0.092900 0.006000 
1383 32658.800000 0.098600 0.043200 
1384 32684.800000 0.092800 0.006200 
1385 32708.000000 0.093400 0.015400 
1386 32729.600000 0.093200 0.006200 
1387 32754.800000 0.093100 0.006300 
1388 32786.800000 0.093200 0.006300 
1389 32813.200000 0.093600 0.006400 
1390 32838.400000 0.093400 0.006100 
1391 32860.000000 0.093500 0.006500 
1392 32890.000000 0.093500 0.020700 
1393 32911.200000 0.093500 0.006000 
1394 32936.400000 0.093300 0.006500 
1395 32962.000000 0.093200 0.006300 
1396 32987.200000 0.093600 0.006500 
1397 33010.400000 0.093500 0.006600 
1398 33034.800000 0.094000 0.006200 
1399 33053.600000 0.101600 0.006200 
1400 33071.600000 0.093800 0.006300 
1401 33095.600000 0.093700 0.006300 
1402 33120.000000 0.094100 0.006200 
1403 33143.200000 0.094400 0.006400 
1404 33164.400000 0.093900 0.006500 
1405 33190.400000 0.094000 0.006300 
1406 33215.600000 0.098600 0.041600 
1407 33240.000000 0.104600 0.039000 
1408 33262.000000 0.094500 0.017900 
1409 33288.000000 0.095000 0.006100 
1410 33312.800000 0.095000 0.006000 
1411 33336.800000 0.095000 0.006100 
1412 33365.200000 0.095400 0.006400 
1413 33392.000000 0.095300 0.006300 
1414 33414.800000 0.095300 0.006100 
1415 33442.800000 0.095200 0.006200 
1416 33464.400000 0.095100 0.006000 
1417 33485.200000 0.094900 0.006200 
1418 33511.200000 0.095000 0.006000 
1419 33536.800000 0.096800 0.008400 
1420 33559.600000 0.095200 0.027000 
1421 33586.400000 0.095000 0.006300 
1422 33607.600000 0.095300 0.006400 
1423 33628.400000 0.095400 0.006500 
1424 33653.200000 0.095200 0.006200 
1425 33675.600000 0.095500 0.006400 
1426 33699.200000 0.095800 0.006200 
1427 33722.800000 0.095400 0.006300 
1428 33749.200000 0.096000 0.006400 
1429 33767.600000 0.096400 0.023000 
1430 33794.000000 0.096200 0.006600 
1431 33816.000000 0.096500 0.006200 
1432 33840.800000 0.096400 0.006200 
1433 33866.800000 0.096200 0.006400 
1434 33889.200000 0.103600 0.006300 
1435 33911.200000 0.096500 0.006000 
1436 33935.600000 0.096100 0.006300 
1437 33956.400000 0.095900 0.006300 
1438 33976.400000 0.096300 0.005900 
1439 33995.600000 0.096600 0.006100 
1440 34022.000000 0.096600 0.006100 
1441 34051.200000 0.096700 0.006300 
1442 34074.800000 0.096700 0.006300 
1443 34095.600000 0.097000 0.006200 
1444 34120.800000 0.096800 0.006500 
1445 34142.800000 0.097000 0.006200 
1446 34166.000000 0.097200 0.006300 
1447 34190.000000 0.097100 0.006300 
1448 34213.200000 0.099400 0.093900 
1449 34237.600000 0.122200 0.018600 
1450 34260.800000 0.097400 0.006400 
1451 34286.000000 0.097700 0.006200 
1452 34309.600000 0.097700 0.006500 
1453 34335.600000 0.097900 0.006300 
1454 34358.400000 0.098100 0.006300 
1455 34384.400000 0.098300 0.006200 
1456 34408.800000 0.097900 0.006200 
1457 34432.400000 0.098000 0.006100 
1458 34456.400000 0.097800 0.006000 
1459 34480.000000 0.098200 0.024100 
1460 34508.400000 0.100300 0.006400 
1461 34532.000000 0.098200 0.006000 
1462 34555.600000 0.098600 0.006500 
1463 34580.400000 0.098600 0.006400 
1464 34606.000000 0.099300 0.006500 
1465 34628.800000 0.098900 0.006300 
1466 34654.400000 0.098900 0.032500 
1467 34678.000000 0.099100 0.009700 
1468 34700.800000 0.098800 0.006500 
1469 34724.800000 0.099200 0.006100 
1470 34747.200000 0.099000 0.006400 
1471 34769.600000 0.099400 0.006400 
1472 34792.000000 0.099600 0.006400 
1473 34815.200000 0.099600 0.006000 
1474 34835.200000 0.099800 0.006000 
1475 34858.800000 0.102000 0.012100 
1476 34880.000000 0.162900 0.026100 
1477 34905.200000 0.099600 0.044000 
1478 34934.800000 0.100100 0.006300 
1479 34958.400000 0.100100 0.006500 
1480 34980.800000 0.100400 0.006300 
1481 35006.800000 0.100600 0.006000 
1482 35027.600000 0.100200 0.006100 
1483 35048.800000 0.100400 0.006300 
1484 35070.000000 0.100300 0.006100 
1485 35091.600000 0.100600 0.006200 
1486 35115.600000 0.100000 0.006300 
1487 35138.800000 0.100000 0.006400 
1488 35160.400000 0.100700 0.006400 
1489 35186.000000 0.100900 0.005800 
1490 35207.200000 0.100700 0.006500 
1491 35226.400000 0.100600 0.006200 
1492 35249.600000 0.101000 0.006300 
1493 35274.400000 0.101300 0.006500 
1494 35296.000000 0.101600 0.006100 
1495 35316.000000 0.101300 0.006000 
1496 35336.800000 0.101500 0.006200 
1497 35361.200000 0.101700 0.006300 
1498 35386.000000 0.108100 0.006400 
1499 35412.800000 0.101500 0.006400 
1500 35439.200000 0.101400 0.006000 
1501 35466.400000 0.110200 0.020600 
1502 35493.600000 0.101800 0.023500 
1503 35522.000000 0.101500 0.041700 
1504 35548.800000 0.102100 0.006400 
1505 35571.600000 0.102300 0.006400 
1506 35596.800000 0.102300 0.006200 
1507 35618.800000 0.107000 0.008200 
1508 35640.400000 0.102000 0.006300 
1509 35663.200000 0.101900 0.006100 
1510 35682.800000 0.102000 0.006300 
1511 35702.400000 0.102000 0.006100 
1512 35725.200000 0.102100 0.006300 
1513 35751.200000 0.102100 0.006300 
1514 35772.800000 0.101900 0.006300 
1515 35795.200000 0.102200 0.006000 
1516 35818.400000 0.108600 0.006200 
1517 35840.400000 0.101800 0.006000 
1518 35861.600000 0.102300 0.006500 
1519 35889.200000 0.102000 0.006200 
1520 35912.000000 0.102300 0.006200 
1521 35935.200000 0.102400 0.006400 
1522 35958.000000 0.102400 0.006400 
1523 35984.000000 0.102300 0.006600 
1524 36006.800000 0.102600 0.006200 
1525 36031.200000 0.102900 0.008100 
1526 36054.000000 0.103200 0.007700 
1527 36076.800000 0.103400 0.038000 
1528 36103.200000 0.103300 0.006400 
1529 36124.000000 0.103300 0.006000 
1530 36148.400000 0.103200 0.014400 
1531 36172.800000 0.103300 0.006200 
1532 36197.200000 0.103600 0.006200 
1533 36218.800000 0.103300 0.014000 
1534 36247.600000 0.103700 0.006500 
1535 36270.800000 0.103500 0.006500 
1536 36296.400000 0.103400 0.006100 
1537 36316.800000 0.104900 0.012200 
1538 36338.800000 0.104300 0.006200 
1539 36362.800000 0.104400 0.006700 
1540 36382.800000 0.104300 0.024200 
1541 36408.000000 0.104200 0.006100 
1542 36434.000000 0.104000 0.006500 
1543 36460.000000 0.104500 0.006300 
1544 36484.000000 0.104700 0.006300 
1545 36510.000000 0.104600 0.006200 
1546 36534.800000 0.104800 0.006400 
1547 36558.000000 0.105100 0.006300 
1548 36585.200000 0.104600 0.006400 
1549 36606.000000 0.104900 0.006200 
1550 36627.600000 0.106200 0.026900 
1551 36652.800000 0.104700 0.019200 
1552 36676.400000 0.129500 0.006000 
1553 36701.600000 0.104900 0.006400 
1554 36725.200000 0.105200 0.006200 
1555 36745.200000 0.104900 0.006200 
1556 36768.400000 0.105600 0.006300 
1557 36792.800000 0.105600 0.006300 
1558 36812.000000 0.105000 0.006300 
1559 36831.200000 0.105500 0.006300 
1560 36852.400000 0.105400 0.006200 
1561 36876.000000 0.113600 0.006200 
1562 36902.000000 0.105600 0.006700 
1563 36926.000000 0.136800 0.006300 
1564 36955.200000 0.105400 0.006600 
1565 36974.000000 0.105400 0.006200 
1566 37001.200000 0.116300 0.039800 
1567 37020.400000 0.105500 0.030400 
1568 37043.200000 0.105800 0.006300 
1569 37070.000000 0.105500 0.006300 
1570 37092.800000 0.105500 0.006400 
1571 37112.800000 0.105800 0.006200 
1572 37137.600000 0.106000 0.006300 
1573 37160.400000 0.106000 0.006500 
1574 37183.600000 0.106100 0.006500 
1575 37205.200000 0.106500 0.006500 
1576 37227.200000 0.106200 0.006200 
1577 37247.200000 0.106800 0.066100 
1578 37270.400000 0.106600 0.010100 
1579 37293.600000 0.106600 0.006300 
1580 37318.000000 0.106600 0.006200 
1581 37339.200000 0.106400 0.006100 
1582 37359.600000 0.106600 0.006300 
1583 37381.200000 0.107000 0.006300 
1584 37404.400000 0.107100 0.006100 
1585 37429.600000 0.106900 0.006300 
1586 37452.000000 0.106900 0.006300 
1587 37470.800000 0.107500 0.006100 
1588 37493.200000 0.107200 0.006300 
1589 37516.400000 0.110100 0.006200 
1590 37541.600000 0.107700 0.006300 
1591 37566.400000 0.107400 0.006100 
1592 37587.600000 0.107300 0.006100 
1593 37611.600000 0.199500 0.006500 
1594 37636.400000 0.107300 0.006200 
1595 37656.400000 0.107600 0.006100 
1596 37680.400000 0.107500 0.006300 
1597 37704.000000 0.108300 0.009500 
1598 37725.200000 0.107800 0.008300 
1599 37750.000000 0.108200 0.006100 
1600 37773.600000 0.107900 0.006300 
1601 37797.600000 0.108000 0.006400 
1602 37817.600000 0.115600 0.006100 
1603 37842.000000 0.108300 0.006300 
1604 37868.000000 0.107800 0.006400 
1605 37889.600000 0.108300 0.006400 
1606 37913.200000 0.108200 0.006400 
1607 37936.000000 0.108400 0.006000 
1608 37962.000000 0.108400 0.006500 
1609 37991.600000 0.108300 0.006500 
1610 38015.600000 0.108100 0.006600 
1611 38044.400000 0.108400 0.006400 
1612 38067.200000 0.108500 0.006300 
1613 38092.000000 0.108700 0.006400 
1614 38115.200000 0.108400 0.006300 
1615 38138.000000 0.111200 0.006300 
1616 38159.600000 0.113000 0.006300 
1617 38183.200000 0.109200 0.006200 
1618 38206.000000 0.109900 0.006300 
1619 38231.200000 0.109300 0.006400 
1620 38252.000000 0.109400 0.006100 
1621 38268.800000 0.109200 0.006000 
1622 38290.000000 0.114600 0.006400 
1623 38308.800000 0.109300 0.005900 
1624 38333.600000 0.109500 0.006500 
1625 38356.000000 0.109400 0.006500 
1626 38380.400000 0.109800 0.010500 
1627 38402.000000 0.110000 0.011500 
1628 38428.000000 0.109900 0.006400 
1629 38448.400000 0.109800 0.006100 
1630 38473.200000 0.109900 0.006000 
1631 38495.200000 0.110000 0.006100 
1632 38522.000000 0.110100 0.006300 
1633 38543.600000 0.110400 0.006200 
1634 38566.800000 0.110500 0.006400 
1635 38589.200000 0.111000 0.007700 
1636 38613.600000 0.127700 0.025600 
1637 38634.800000 0.111100 0.006400 
1638 38656.400000 0.111000 0.006500 
1639 38676.800000 0.110900 0.006200 
1640 38700.800000 0.111100 0.006200 
1641 38721.600000 0.111400 0.006100 
1642 38745.600000 0.121800 0.021000 
1643 38768.000000 0.110800 0.006500 
1644 38790.400000 0.110500 0.006200 
1645 38813.600000 0.110900 0.006200 
1646 38836.400000 0.110900 0.006200 
1647 38856.000000 0.111600 0.006000 
1648 38878.800000 0.111300 0.006200 
1649 38902.000000 0.111200 0.041000 
1650 38924.400000 0.112700 0.006100 
1651 38950.000000 0.127800 0.006600 
1652 38974.800000 0.112000 0.006300 
1653 39000.400000 0.112900 0.006400 
1654 39025.600000 0.111900 0.006400 
1655 39047.600000 0.112000 0.006300 
1656 39074.400000 0.112100 0.006000 
1657 39101.200000 0.111700 0.006700 
1658 39121.600000 0.112100 0.006400 
1659 39146.400000 0.111900 0.006500 
1660 39170.800000 0.112900 0.006600 
1661 39193.600000 0.111900 0.006200 
1662 39215.600000 0.115000 0.038400 
1663 39236.400000 0.124400 0.100800 
1664 39262.800000 0.112500 0.007400 
1665 39285.600000 0.112600 0.006300 
1666 39308.800000 0.112400 0.006300 
1667 39333.600000 0.112800 0.006300 
1668 39353.600000 0.123100 0.006000 
1669 39378.800000 0.112700 0.006200 
1670 39402.000000 0.112400 0.006400 
1671 39425.600000 0.112700 0.006200 
1672 39446.800000 0.112800 0.006300 
1673 39469.600000 0.112800 0.017600 
1674 39492.000000 0.112600 0.006200 
1675 39519.600000 0.112900 0.006200 
1676 39544.000000 0.112900 0.006200 
1677 39569.200000 0.113300 0.006400 
1678 39596.400000 0.113200 0.006400 
1679 39618.000000 0.113000 0.006300 
1680 39644.800000 0.113400 0.006300 
1681 39668.800000 0.113500 0.006200 
1682 39687.200000 0.113100 0.006100 
1683 39709.200000 0.113500 0.006000 
1684 39730.400000 0.114200 0.025600 
1685 39758.000000 0.113700 0.006600 
1686 39776.800000 0.113800 0.006500 
1687 39798.000000 0.113800 0.005900 
1688 39823.200000 0.113600 0.006400 
1689 39847.600000 0.114800 0.006500 
1690 39869.600000 0.114200 0.082400 
1691 39892.400000 0.114500 0.006200 
1692 39913.200000 0.114400 0.046700 
1693 39935.600000 0.119600 0.006100 
1694 39958.000000 0.114500 0.006400 
1695 39981.600000 0.114300 0.006200 
1696 40005.600000 0.114700 0.006200 
1697 40029.600000 0.114600 0.006000 
1698 40050.400000 0.114500 0.006400 
1699 40072.400000 0.114400 0.031400 
1700 40096.800000 0.114900 0.006300 
1701 40122.000000 0.114600 0.006200 
1702 40145.600000 0.114500 0.006500 
1703 40165.600000 0.114800 0.006200 
1704 40189.200000 0.115600 0.008300 
1705 40214.400000 0.114800 0.029100 
1706 40233.600000 0.115200 0.005900 
1707 40256.000000 0.115400 0.006100 
1708 40278.400000 0.115200 0.006100 
1709 40300.000000 0.115300 0.006100 
1710 40322.000000 0.115400 0.005900 
1711 40344.800000 0.115600 0.006200 
1712 40366.800000 0.115600 0.006200 
1713 40394.800000 0.115500 0.043100 
1714 40417.600000 0.115500 0.006000 
1715 40440.000000 0.116200 0.006300 
1716 40463.600000 0.115400 0.006500 
1717 40492.800000 0.115400 0.006500 
1718 40518.800000 0.116300 0.006200 
1719 40544.400000 0.116100 0.006400 
1720 40568.800000 0.116600 0.006300 
1721 40592.000000 0.116200 0.006300 
1722 40618.800000 0.116600 0.006500 
1723 40641.200000 0.116300 0.006400 
1724 40666.000000 0.116500 0.006000 
1725 40692.800000 0.116500 0.006800 
1726 40712.000000 0.116900 0.034000 
1727 40738.000000 0.117100 0.006500 
1728 40760.000000 0.116900 0.010300 
1729 40784.800000 0.117300 0.054600 
1730 40806.800000 0.117500 0.019200 
1731 40828.400000 0.117500 0.006200 
1732 40850.000000 0.117400 0.006600 
1733 40868.000000 0.117600 0.006100 
1734 40891.200000 0.117200 0.006500 
1735 40914.800000 0.117300 0.006000 
1736 40942.800000 0.117300 0.006500 
1737 40965.600000 0.117500 0.009300 
1738 40985.200000 0.117200 0.006000 
1739 41011.200000 0.117600 0.020500 
1740 41038.000000 0.189500 0.006000 
1741 41064.000000 0.117500 0.006200 
1742 41086.800000 0.118300 0.006200 
1743 41109.600000 0.118700 0.006200 
1744 41130.800000 0.117900 0.006300 
1745 41153.200000 0.118300 0.010300 
1746 41170.400000 0.119100 0.014700 
1747 41196.800000 0.118700 0.006500 
1748 41222.400000 0.118400 0.006300 
1749 41243.600000 0.126800 0.006400 
1750 41269.600000 0.118900 0.006600 
1751 41291.200000 0.118400 0.006300 
1752 41313.600000 0.118800 0.006200 
1753 41336.000000 0.124600 0.048400 
1754 41360.800000 0.125100 0.006300 
1755 41383.600000 0.117800 0.006300 
1756 41407.200000 0.118500 0.006400 
1757 41428.000000 0.118500 0.006100 
1758 41449.600000 0.119000 0.006400 
1759 41469.200000 0.121800 0.006300 
1760 41494.000000 0.131000 0.006200 
1761 41518.000000 0.147000 0.006500 
1762 41542.000000 0.152800 0.006200 
1763 41565.200000 0.120800 0.006000 
1764 41590.800000 0.118500 0.006300 
1765 41612.800000 0.118500 0.006000 
1766 41636.000000 0.118600 0.006400 
1767 41661.200000 0.119000 0.006400 
1768 41680.400000 0.119500 0.006300 
1769 41702.000000 0.119700 0.006200 
1770 41723.200000 0.119500 0.006400 
1771 41743.200000 0.119400 0.006400 
1772 41765.600000 0.120300 0.006100 
1773 41791.600000 0.119700 0.006400 
1774 41812.800000 0.119600 0.006200 
1775 41834.800000 0.120000 0.006300 
1776 41856.800000 0.123400 0.006600 
1777 41882.400000 0.119500 0.006400 
1778 41907.200000 0.119600 0.006400 
1779 41930.800000 0.119300 0.006400 
1780 41952.000000 0.119800 0.006500 
1781 41974.800000 0.120100 0.006500 
1782 41998.800000 0.120700 0.006200 
1783 42023.200000 0.120200 0.006200 
1784 42046.800000 0.120300 0.006300 
1785 42070.800000 0.120300 0.006100 
1786 42095.200000 0.120100 0.006400 
1787 42118.000000 0.120500 0.006300 
1788 42136.400000 0.120700 0.017500 
1789 42160.400000 0.120100 0.006300 
1790 42185.200000 0.120100 0.006200 
1791 42206.800000 0.119800 0.006300 
1792 42230.800000 0.119900 0.031100 
1793 42253.200000 0.121100 0.006100 
1794 42276.400000 0.121000 0.006100 
1795 42300.000000 0.120100 0.006400 
1796 42323.200000 0.119900 0.006300 
1797 42347.200000 0.119400 0.006300 
1798 42370.800000 0.120100 0.033400 
1799 42393.200000 0.121400 0.006400 
1800 42413.200000 0.121600 0.006400 
1801 42441.200000 0.121700 0.006400 
1802 42461.200000 0.121000 0.006400 
1803 42483.200000 0.121400 0.006100 
1804 42504.400000 0.120700 0.006300 
1805 42529.200000 0.122300 0.006300 
1806 42554.800000 0.121500 0.006300 
1807 42583.600000 0.122100 0.006600 
1808 42607.200000 0.122400 0.006500 
1809 42626.000000 0.122500 0.006100 
1810 42649.200000 0.122000 0.006500 
1811 42674.800000 0.123200 0.015900 
1812 42700.000000 0.154700 0.043800 
1813 42720.800000 0.122500 0.006100 
1814 42744.400000 0.123300 0.024400 
1815 42768.800000 0.122900 0.006200 
1816 42793.200000 0.122700 0.006400 
1817 42822.400000 0.121800 0.006500 
1818 42848.400000 0.121300 0.006400 
1819 42870.400000 0.121400 0.010600 
1820 42893.600000 0.121500 0.006300 
1821 42913.200000 0.141900 0.006200 
1822 42936.800000 0.122000 0.008200 
1823 42956.800000 0.122800 0.006300 
1824 42978.000000 0.123300 0.006200 
1825 43001.200000 0.123100 0.006200 
1826 43024.000000 0.123000 0.006400 
1827 43048.000000 0.123100 0.006500 
1828 43074.000000 0.123400 0.006500 
1829 43096.400000 0.123000 0.006300 
1830 43119.600000 0.123100 0.006400 
1831 43144.800000 0.122800 0.006200 
1832 43165.600000 0.121700 0.006100 
1833 43188.800000 0.121700 0.006200 
1834 43216.000000 0.121800 0.006200 
1835 43240.000000 0.121900 0.026400 
1836 43263.600000 0.122900 0.007200 
1837 43286.400000 0.121800 0.006400 
1838 43310.400000 0.121600 0.006400 
1839 43332.800000 0.122100 0.041400 
1840 43356.800000 0.146100 0.031400 
1841 43377.600000 0.129000 0.006400 
1842 43405.200000 0.123000 0.006100 
1843 43427.600000 0.122800 0.006500 
1844 43448.000000 0.122300 0.006400 
1845 43473.200000 0.122100 0.006500 
1846 43497.600000 0.122500 0.006400 
1847 43523.600000 0.122100 0.006500 
1848 43546.000000 0.122400 0.006300 
1849 43573.200000 0.122000 0.006300 
1850 43596.400000 0.122300 0.006200 
1851 43622.400000 0.121800 0.027000 
1852 43647.600000 0.123400 0.006500 
1853 43673.200000 0.123100 0.006400 
1854 43693.200000 0.122000 0.006200 
1855 43717.200000 0.121900 0.006500 
1856 43737.600000 0.123000 0.006000 
1857 43759.600000 0.122200 0.006500 
1858 43780.400000 0.122400 0.006300 
1859 43804.800000 0.122700 0.006300 
1860 43828.000000 0.122100 0.006500 
1861 43850.800000 0.122100 0.006400 
1862 43876.400000 0.122400 0.006600 
1863 43902.400000 0.122200 0.006400 
1864 43924.400000 0.122800 0.006000 
1865 43951.200000 0.122400 0.006700 
1866 43976.000000 0.122500 0.006500 
1867 43997.200000 0.122500 0.006300 
1868 44024.800000 0.122800 0.015100 
1869 44046.000000 0.123100 0.006300 
1870 44070.000000 0.122900 0.006200 
1871 44094.000000 0.122800 0.006300 
1872 44117.200000 0.123100 0.006200 
1873 44143.200000 0.122700 0.006600 
1874 44163.200000 0.123000 0.006300 
1875 44189.200000 0.123000 0.006400 
1876 44214.400000 0.123400 0.006000 
1877 44236.400000 0.123300 0.006100 
1878 44260.800000 0.123700 0.006400 
1879 44281.600000 0.124500 0.062500 
1880 44304.000000 0.123300 0.006300 
1881 44325.600000 0.123200 0.006300 
1882 44346.400000 0.123700 0.006400 
1883 44371.600000 0.123700 0.006500 
1884 44391.200000 0.123900 0.020500 
1885 44414.000000 0.124300 0.007700 
1886 44439.200000 0.123900 0.006200 
1887 44462.000000 0.123600 0.006400 
1888 44480.000000 0.123600 0.006200 
1889 44499.200000 0.123400 0.006200 
1890 44526.400000 0.124300 0.006700 
1891 44549.600000 0.124100 0.006300 
1892 44570.000000 0.124300 0.027200 
1893 44592.400000 0.124300 0.006100 
1894 44616.400000 0.124100 0.006500 
1895 44642.000000 0.124600 0.006500 
1896 44669.200000 0.124400 0.006300 
1897 44690.800000 0.124800 0.006300 
1898 44716.400000 0.124600 0.006200 
1899 44737.600000 0.124200 0.006300 
1900 44758.800000 0.125000 0.006400 
1901 44781.600000 0.124700 0.006300 
1902 44802.000000 0.124800 0.006300 
1903 44825.200000 0.124800 0.006400 
1904 44852.000000 0.124700 0.006500 
1905 44876.800000 0.124800 0.006600 
1906 44905.600000 0.221300 0.053600 
1907 44932.000000 0.125900 0.006500 
1908 44955.600000 0.129000 0.006300 
1909 44978.000000 0.125500 0.006300 
1910 45000.000000 0.125600 0.008000 
1911 45022.800000 0.125600 0.006400 
1912 45045.600000 0.125600 0.006300 
1913 45064.800000 0.125700 0.006000 
1914 45089.600000 0.125800 0.020500 
1915 45113.200000 0.126300 0.006400 
1916 45134.800000 0.126200 0.006500 
1917 45159.600000 0.126100 0.006300 
1918 45185.200000 0.126300 0.006300 
1919 45211.200000 0.126400 0.006400 
1920 45236.400000 0.126900 0.006300 
1921 45261.600000 0.126700 0.006400 
1922 45287.200000 0.126300 0.008100 
1923 45310.800000 0.126200 0.006600 
1924 45332.000000 0.126000 0.006200 
1925 45357.600000 0.126600 0.006400 
1926 45382.400000 0.126800 0.006400 
1927 45406.800000 0.126500 0.006300 
1928 45430.000000 0.126600 0.006100 
1929 45450.800000 0.128200 0.005900 
1930 45476.000000 0.126700 0.006400 
1931 45499.600000 0.127100 0.006200 
1932 45523.200000 0.127000 0.006200 
1933 45544.400000 0.127100 0.006500 
1934 45564.800000 0.127100 0.006400 
1935 45588.000000 0.127400 0.006400 
1936 45607.600000 0.127500 0.006300 
1937 45634.000000 0.127500 0.006200 
1938 45661.200000 0.127000 0.039600 
1939 45681.200000 0.127300 0.006400 
1940 45714.400000 0.127500 0.006400 
1941 45738.800000 0.127400 0.006600 
1942 45760.400000 0.127500 0.006300 
1943 45786.800000 0.127300 0.006400 
1944 45811.600000 0.142800 0.006300 
1945 45832.400000 0.151200 0.031100 
1946 45856.000000 0.127500 0.028500 
1947 45878.400000 0.127700 0.006300 
1948 45900.400000 0.127600 0.006200 
1949 45921.200000 0.127900 0.012900 
1950 45944.400000 0.127500 0.006200 
1951 45967.600000 0.128000 0.006400 
1952 45988.000000 0.128500 0.006400 
1953 46008.000000 0.128000 0.006300 
1954 46030.000000 0.128300 0.006300 
1955 46051.200000 0.128400 0.006300 
1956 46073.200000 0.128300 0.008200 
1957 46098.400000 0.134300 0.014600 
1958 46119.600000 0.128500 0.006300 
1959 46144.400000 0.128600 0.006400 
1960 46172.400000 0.128900 0.057300 
1961 46198.400000 0.128400 0.006500 
1962 46223.200000 0.128900 0.006300 
1963 46248.400000 0.128300 0.006400 
1964 46274.400000 0.129000 0.006400 
1965 46296.800000 0.128600 0.006400 
1966 46318.800000 0.128900 0.006300 
1967 46341.200000 0.128900 0.006200 
1968 46365.600000 0.129100 0.006300 
1969 46389.600000 0.129400 0.006600 
1970 46410.800000 0.129700 0.006300 
1971 46433.600000 0.130000 0.006500 
1972 46457.600000 0.129600 0.006600 
1973 46479.600000 0.129300 0.006100 
1974 46504.400000 0.129500 0.008400 
1975 46526.800000 0.153100 0.019500 
1976 46548.800000 0.129100 0.006300 
1977 46568.800000 0.129500 0.006100 
1978 46588.000000 0.129400 0.006300 
1979 46610.800000 0.129700 0.006500 
1980 46634.800000 0.130500 0.006400 
1981 46662.000000 0.129900 0.006300 
1982 46685.200000 0.129700 0.006100 
1983 46708.000000 0.130000 0.006300 
1984 46734.400000 0.130100 0.006400 
1985 46755.600000 0.130200 0.006300 
1986 46776.800000 0.130200 0.006200 
1987 46799.200000 0.130700 0.006300 
1988 46822.800000 0.130300 0.006200 
1989 46844.800000 0.130500 0.006400 
1990 46866.400000 0.130500 0.006500 
1991 46889.600000 0.130800 0.006200 
1992 46912.400000 0.131000 0.006300 
1993 46935.600000 0.130400 0.006100 
1994 46958.800000 0.130700 0.006300 
1995 46979.600000 0.130700 0.006400 
1996 47004.000000 0.131000 0.006300 
1997 47030.400000 0.130600 0.006300 
1998 47057.600000 0.131300 0.006300 
1999 47080.400000 0.131300 0.006400 
